value=35.6557125742274,-97.47055093961345>Thatcher Hall
value=35.65634649819341,-97.46861962638773>Liberal Arts
